(kicad_pcb (version 20171130) (host pcbnew 5.0.2-bee76a0~70~ubuntu18.04.1)

  (general
    (thickness 1.6)
    (drawings 16)
    (tracks 139)
    (zones 0)
    (modules 18)
    (nets 9)
  )

  (page A4)
  (title_block
    (date 2019-04-25)
    (rev 02A)
  )

  (layers
    (0 F.Cu signal)
    (31 B.Cu signal)
    (32 B.Adhes user)
    (33 F.Adhes user)
    (34 B.Paste user)
    (35 F.Paste user)
    (36 B.SilkS user)
    (37 F.SilkS user)
    (38 B.Mask user)
    (39 F.Mask user)
    (40 Dwgs.User user)
    (41 Cmts.User user)
    (42 Eco1.User user)
    (43 Eco2.User user)
    (44 Edge.Cuts user)
    (45 Margin user)
    (46 B.CrtYd user)
    (47 F.CrtYd user)
    (48 B.Fab user hide)
    (49 F.Fab user hide)
  )

  (setup
    (last_trace_width 0.4)
    (user_trace_width 0.2)
    (user_trace_width 0.25)
    (user_trace_width 0.3)
    (user_trace_width 0.4)
    (user_trace_width 0.5)
    (user_trace_width 0.63)
    (user_trace_width 0.76)
    (user_trace_width 1.27)
    (trace_clearance 0.2)
    (zone_clearance 0.508)
    (zone_45_only no)
    (trace_min 0.15)
    (segment_width 0.2)
    (edge_width 0.2)
    (via_size 0.8)
    (via_drill 0.4)
    (via_min_size 0.6)
    (via_min_drill 0.3)
    (user_via 0.6 0.3)
    (user_via 0.8 0.4)
    (user_via 0.9 0.5)
    (user_via 1.2 0.6)
    (user_via 1.3 0.7)
    (user_via 1.4 0.8)
    (uvia_size 0.3)
    (uvia_drill 0.1)
    (uvias_allowed no)
    (uvia_min_size 0.2)
    (uvia_min_drill 0.1)
    (pcb_text_width 0.3)
    (pcb_text_size 1.5 1.5)
    (mod_edge_width 0.15)
    (mod_text_size 1 1)
    (mod_text_width 0.15)
    (pad_size 2.7 2.7)
    (pad_drill 2.7)
    (pad_to_mask_clearance 0.051)
    (solder_mask_min_width 0.25)
    (aux_axis_origin 145 130.5)
    (grid_origin 145 130.5)
    (visible_elements FFFFFF7F)
    (pcbplotparams
      (layerselection 0x010fc_ffffffff)
      (usegerberextensions false)
      (usegerberattributes false)
      (usegerberadvancedattributes false)
      (creategerberjobfile false)
      (excludeedgelayer true)
      (linewidth 0.100000)
      (plotframeref false)
      (viasonmask false)
      (mode 1)
      (useauxorigin false)
      (hpglpennumber 1)
      (hpglpenspeed 20)
      (hpglpendiameter 15.000000)
      (psnegative false)
      (psa4output false)
      (plotreference true)
      (plotvalue true)
      (plotinvisibletext false)
      (padsonsilk false)
      (subtractmaskfromsilk false)
      (outputformat 1)
      (mirror false)
      (drillshape 1)
      (scaleselection 1)
      (outputdirectory ""))
  )

  (net 0 "")
  (net 1 GND)
  (net 2 /Audio_Left_2)
  (net 3 VCC)
  (net 4 /Key_Down)
  (net 5 /Key_Up)
  (net 6 /Key_Right)
  (net 7 /Key_Left)
  (net 8 /Audio_Left_1)

  (net_class Default "Ceci est la Netclass par défaut."
    (clearance 0.2)
    (trace_width 0.25)
    (via_dia 0.8)
    (via_drill 0.4)
    (uvia_dia 0.3)
    (uvia_drill 0.1)
    (add_net /Audio_Left_1)
    (add_net /Audio_Left_2)
    (add_net /Key_Down)
    (add_net /Key_Left)
    (add_net /Key_Right)
    (add_net /Key_Up)
    (add_net GND)
    (add_net VCC)
  )

  (module Insa:FFC-10-0.5 locked (layer F.Cu) (tedit 5C652881) (tstamp 5C7832B8)
    (at 139.285 99.77 270)
    (path /5C77E637)
    (fp_text reference P1 (at -6.35 -3.81 270) (layer F.SilkS)
      (effects (font (size 1 1) (thickness 0.15)))
    )
    (fp_text value TE-FFC-10-0.5 (at 0.51 -3.94 270) (layer F.Fab)
      (effects (font (size 1 1) (thickness 0.15)))
    )
    (fp_line (start -2.65 -2.95) (end -2.65 -0.15) (layer F.SilkS) (width 0.15))
    (fp_line (start -4.75 -2.95) (end -2.65 -2.95) (layer F.SilkS) (width 0.15))
    (fp_line (start -4.75 -4.4) (end -4.75 -2.95) (layer F.SilkS) (width 0.15))
    (fp_line (start 4.75 -4.4) (end -4.75 -4.4) (layer F.SilkS) (width 0.15))
    (fp_line (start 4.75 -2.95) (end 4.75 -4.4) (layer F.SilkS) (width 0.15))
    (fp_line (start 2.65 -2.95) (end 4.75 -2.95) (layer F.SilkS) (width 0.15))
    (fp_line (start 2.65 -0.15) (end 2.65 -2.95) (layer F.SilkS) (width 0.15))
    (fp_line (start -2.65 -0.15) (end 2.65 -0.15) (layer F.SilkS) (width 0.15))
    (fp_line (start -2.8 -2.8) (end -2.8 0) (layer F.CrtYd) (width 0.15))
    (fp_line (start -4.75 -2.8) (end -2.8 -2.8) (layer F.CrtYd) (width 0.15))
    (fp_line (start -4.75 -4.4) (end -4.75 -2.8) (layer F.CrtYd) (width 0.15))
    (fp_line (start 4.75 -4.4) (end -4.75 -4.4) (layer F.CrtYd) (width 0.15))
    (fp_line (start 4.75 -2.8) (end 4.75 -4.4) (layer F.CrtYd) (width 0.15))
    (fp_line (start 2.8 -2.8) (end 4.75 -2.8) (layer F.CrtYd) (width 0.15))
    (fp_line (start 2.8 0) (end 2.8 -2.8) (layer F.CrtYd) (width 0.15))
    (fp_line (start -2.8 0) (end 2.8 0) (layer F.CrtYd) (width 0.15))
    (pad A smd rect (at -3.685 -1.4 270) (size 1.75 2.8) (layers F.Cu F.Paste F.Mask))
    (pad B smd rect (at 3.685 -1.4 270) (size 1.75 2.8) (layers F.Cu F.Paste F.Mask))
    (pad 2 smd rect (at -1.75 0.35 270) (size 0.25 0.7) (layers F.Cu F.Paste F.Mask)
      (net 1 GND))
    (pad 3 smd rect (at -1.25 0.35 270) (size 0.25 0.7) (layers F.Cu F.Paste F.Mask)
      (net 2 /Audio_Left_2))
    (pad 4 smd rect (at -0.75 0.35 270) (size 0.25 0.7) (layers F.Cu F.Paste F.Mask)
      (net 3 VCC))
    (pad 5 smd rect (at -0.25 0.35 270) (size 0.25 0.7) (layers F.Cu F.Paste F.Mask)
      (net 1 GND))
    (pad 9 smd rect (at 1.75 0.35 270) (size 0.25 0.7) (layers F.Cu F.Paste F.Mask)
      (net 4 /Key_Down))
    (pad 8 smd rect (at 1.25 0.35 270) (size 0.25 0.7) (layers F.Cu F.Paste F.Mask)
      (net 5 /Key_Up))
    (pad 7 smd rect (at 0.75 0.35 270) (size 0.25 0.7) (layers F.Cu F.Paste F.Mask)
      (net 6 /Key_Right))
    (pad 6 smd rect (at 0.25 0.35 270) (size 0.25 0.7) (layers F.Cu F.Paste F.Mask)
      (net 7 /Key_Left))
    (pad 1 smd rect (at -2.25 0.35 270) (size 0.25 0.7) (layers F.Cu F.Paste F.Mask)
      (net 8 /Audio_Left_1))
    (pad 10 smd rect (at 2.25 0.35 270) (size 0.25 0.7) (layers F.Cu F.Paste F.Mask)
      (net 1 GND))
    (model /home/dimercur/kicad/local-packages3d/Insa.3dshapes/c-1-1734592-0-c-3d.stp
      (offset (xyz 0 4.45 1))
      (scale (xyz 1 1 1))
      (rotate (xyz -90 0 180))
    )
  )

  (module Capacitor_SMD:C_1206_3216Metric_Pad1.42x1.75mm_HandSolder (layer F.Cu) (tedit 5B301BBE) (tstamp 5C86BAE7)
    (at 120.87 94.9122 180)
    (descr "Capacitor SMD 1206 (3216 Metric), square (rectangular) end terminal, IPC_7351 nominal with elongated pad for handsoldering. (Body size source: http://www.tortai-tech.com/upload/download/2011102023233369053.pdf), generated with kicad-footprint-generator")
    (tags "capacitor handsolder")
    (path /5C792991)
    (attr smd)
    (fp_text reference C1 (at -3.81 -0.0278 180) (layer F.SilkS)
      (effects (font (size 1 1) (thickness 0.15)))
    )
    (fp_text value C (at 0 1.82 180) (layer F.Fab)
      (effects (font (size 1 1) (thickness 0.15)))
    )
    (fp_text user %R (at 0 0 180) (layer F.Fab)
      (effects (font (size 0.8 0.8) (thickness 0.12)))
    )
    (fp_line (start 2.45 1.12) (end -2.45 1.12) (layer F.CrtYd) (width 0.05))
    (fp_line (start 2.45 -1.12) (end 2.45 1.12) (layer F.CrtYd) (width 0.05))
    (fp_line (start -2.45 -1.12) (end 2.45 -1.12) (layer F.CrtYd) (width 0.05))
    (fp_line (start -2.45 1.12) (end -2.45 -1.12) (layer F.CrtYd) (width 0.05))
    (fp_line (start -0.602064 0.91) (end 0.602064 0.91) (layer F.SilkS) (width 0.12))
    (fp_line (start -0.602064 -0.91) (end 0.602064 -0.91) (layer F.SilkS) (width 0.12))
    (fp_line (start 1.6 0.8) (end -1.6 0.8) (layer F.Fab) (width 0.1))
    (fp_line (start 1.6 -0.8) (end 1.6 0.8) (layer F.Fab) (width 0.1))
    (fp_line (start -1.6 -0.8) (end 1.6 -0.8) (layer F.Fab) (width 0.1))
    (fp_line (start -1.6 0.8) (end -1.6 -0.8) (layer F.Fab) (width 0.1))
    (pad 2 smd roundrect (at 1.4875 0 180) (size 1.425 1.75) (layers F.Cu F.Paste F.Mask) (roundrect_rratio 0.175439)
      (net 1 GND))
    (pad 1 smd roundrect (at -1.4875 0 180) (size 1.425 1.75) (layers F.Cu F.Paste F.Mask) (roundrect_rratio 0.175439)
      (net 5 /Key_Up))
    (model ${KISYS3DMOD}/Capacitor_SMD.3dshapes/C_1206_3216Metric.wrl
      (at (xyz 0 0 0))
      (scale (xyz 1 1 1))
      (rotate (xyz 0 0 0))
    )
  )

  (module Capacitor_SMD:C_1206_3216Metric_Pad1.42x1.75mm_HandSolder (layer F.Cu) (tedit 5B301BBE) (tstamp 5C86BAF8)
    (at 122.775 116.53 180)
    (descr "Capacitor SMD 1206 (3216 Metric), square (rectangular) end terminal, IPC_7351 nominal with elongated pad for handsoldering. (Body size source: http://www.tortai-tech.com/upload/download/2011102023233369053.pdf), generated with kicad-footprint-generator")
    (tags "capacitor handsolder")
    (path /5C795C7E)
    (attr smd)
    (fp_text reference C2 (at 3.81 0 180) (layer F.SilkS)
      (effects (font (size 1 1) (thickness 0.15)))
    )
    (fp_text value C (at 0 1.82 180) (layer F.Fab)
      (effects (font (size 1 1) (thickness 0.15)))
    )
    (fp_line (start -1.6 0.8) (end -1.6 -0.8) (layer F.Fab) (width 0.1))
    (fp_line (start -1.6 -0.8) (end 1.6 -0.8) (layer F.Fab) (width 0.1))
    (fp_line (start 1.6 -0.8) (end 1.6 0.8) (layer F.Fab) (width 0.1))
    (fp_line (start 1.6 0.8) (end -1.6 0.8) (layer F.Fab) (width 0.1))
    (fp_line (start -0.602064 -0.91) (end 0.602064 -0.91) (layer F.SilkS) (width 0.12))
    (fp_line (start -0.602064 0.91) (end 0.602064 0.91) (layer F.SilkS) (width 0.12))
    (fp_line (start -2.45 1.12) (end -2.45 -1.12) (layer F.CrtYd) (width 0.05))
    (fp_line (start -2.45 -1.12) (end 2.45 -1.12) (layer F.CrtYd) (width 0.05))
    (fp_line (start 2.45 -1.12) (end 2.45 1.12) (layer F.CrtYd) (width 0.05))
    (fp_line (start 2.45 1.12) (end -2.45 1.12) (layer F.CrtYd) (width 0.05))
    (fp_text user %R (at 0 0 180) (layer F.Fab)
      (effects (font (size 0.8 0.8) (thickness 0.12)))
    )
    (pad 1 smd roundrect (at -1.4875 0 180) (size 1.425 1.75) (layers F.Cu F.Paste F.Mask) (roundrect_rratio 0.175439)
      (net 4 /Key_Down))
    (pad 2 smd roundrect (at 1.4875 0 180) (size 1.425 1.75) (layers F.Cu F.Paste F.Mask) (roundrect_rratio 0.175439)
      (net 1 GND))
    (model ${KISYS3DMOD}/Capacitor_SMD.3dshapes/C_1206_3216Metric.wrl
      (at (xyz 0 0 0))
      (scale (xyz 1 1 1))
      (rotate (xyz 0 0 0))
    )
  )

  (module Capacitor_SMD:C_1206_3216Metric_Pad1.42x1.75mm_HandSolder (layer F.Cu) (tedit 5B301BBE) (tstamp 5C86BB09)
    (at 133.57 93.67 90)
    (descr "Capacitor SMD 1206 (3216 Metric), square (rectangular) end terminal, IPC_7351 nominal with elongated pad for handsoldering. (Body size source: http://www.tortai-tech.com/upload/download/2011102023233369053.pdf), generated with kicad-footprint-generator")
    (tags "capacitor handsolder")
    (path /5C79622E)
    (attr smd)
    (fp_text reference C3 (at 3.81 0 90) (layer F.SilkS)
      (effects (font (size 1 1) (thickness 0.15)))
    )
    (fp_text value C (at 0 1.82 90) (layer F.Fab)
      (effects (font (size 1 1) (thickness 0.15)))
    )
    (fp_line (start -1.6 0.8) (end -1.6 -0.8) (layer F.Fab) (width 0.1))
    (fp_line (start -1.6 -0.8) (end 1.6 -0.8) (layer F.Fab) (width 0.1))
    (fp_line (start 1.6 -0.8) (end 1.6 0.8) (layer F.Fab) (width 0.1))
    (fp_line (start 1.6 0.8) (end -1.6 0.8) (layer F.Fab) (width 0.1))
    (fp_line (start -0.602064 -0.91) (end 0.602064 -0.91) (layer F.SilkS) (width 0.12))
    (fp_line (start -0.602064 0.91) (end 0.602064 0.91) (layer F.SilkS) (width 0.12))
    (fp_line (start -2.45 1.12) (end -2.45 -1.12) (layer F.CrtYd) (width 0.05))
    (fp_line (start -2.45 -1.12) (end 2.45 -1.12) (layer F.CrtYd) (width 0.05))
    (fp_line (start 2.45 -1.12) (end 2.45 1.12) (layer F.CrtYd) (width 0.05))
    (fp_line (start 2.45 1.12) (end -2.45 1.12) (layer F.CrtYd) (width 0.05))
    (fp_text user %R (at 0 0 90) (layer F.Fab)
      (effects (font (size 0.8 0.8) (thickness 0.12)))
    )
    (pad 1 smd roundrect (at -1.4875 0 90) (size 1.425 1.75) (layers F.Cu F.Paste F.Mask) (roundrect_rratio 0.175439)
      (net 7 /Key_Left))
    (pad 2 smd roundrect (at 1.4875 0 90) (size 1.425 1.75) (layers F.Cu F.Paste F.Mask) (roundrect_rratio 0.175439)
      (net 1 GND))
    (model ${KISYS3DMOD}/Capacitor_SMD.3dshapes/C_1206_3216Metric.wrl
      (at (xyz 0 0 0))
      (scale (xyz 1 1 1))
      (rotate (xyz 0 0 0))
    )
  )

  (module Capacitor_SMD:C_1206_3216Metric_Pad1.42x1.75mm_HandSolder (layer F.Cu) (tedit 5B301BBE) (tstamp 5C86BB1A)
    (at 119.6 109.545 270)
    (descr "Capacitor SMD 1206 (3216 Metric), square (rectangular) end terminal, IPC_7351 nominal with elongated pad for handsoldering. (Body size source: http://www.tortai-tech.com/upload/download/2011102023233369053.pdf), generated with kicad-footprint-generator")
    (tags "capacitor handsolder")
    (path /5C79683C)
    (attr smd)
    (fp_text reference C4 (at -3.81 0 270) (layer F.SilkS)
      (effects (font (size 1 1) (thickness 0.15)))
    )
    (fp_text value C (at 0 1.82 270) (layer F.Fab)
      (effects (font (size 1 1) (thickness 0.15)))
    )
    (fp_text user %R (at 0 0 270) (layer F.Fab)
      (effects (font (size 0.8 0.8) (thickness 0.12)))
    )
    (fp_line (start 2.45 1.12) (end -2.45 1.12) (layer F.CrtYd) (width 0.05))
    (fp_line (start 2.45 -1.12) (end 2.45 1.12) (layer F.CrtYd) (width 0.05))
    (fp_line (start -2.45 -1.12) (end 2.45 -1.12) (layer F.CrtYd) (width 0.05))
    (fp_line (start -2.45 1.12) (end -2.45 -1.12) (layer F.CrtYd) (width 0.05))
    (fp_line (start -0.602064 0.91) (end 0.602064 0.91) (layer F.SilkS) (width 0.12))
    (fp_line (start -0.602064 -0.91) (end 0.602064 -0.91) (layer F.SilkS) (width 0.12))
    (fp_line (start 1.6 0.8) (end -1.6 0.8) (layer F.Fab) (width 0.1))
    (fp_line (start 1.6 -0.8) (end 1.6 0.8) (layer F.Fab) (width 0.1))
    (fp_line (start -1.6 -0.8) (end 1.6 -0.8) (layer F.Fab) (width 0.1))
    (fp_line (start -1.6 0.8) (end -1.6 -0.8) (layer F.Fab) (width 0.1))
    (pad 2 smd roundrect (at 1.4875 0 270) (size 1.425 1.75) (layers F.Cu F.Paste F.Mask) (roundrect_rratio 0.175439)
      (net 1 GND))
    (pad 1 smd roundrect (at -1.4875 0 270) (size 1.425 1.75) (layers F.Cu F.Paste F.Mask) (roundrect_rratio 0.175439)
      (net 6 /Key_Right))
    (model ${KISYS3DMOD}/Capacitor_SMD.3dshapes/C_1206_3216Metric.wrl
      (at (xyz 0 0 0))
      (scale (xyz 1 1 1))
      (rotate (xyz 0 0 0))
    )
  )

  (module Resistor_SMD:R_1206_3216Metric_Pad1.42x1.75mm_HandSolder (layer F.Cu) (tedit 5B301BBD) (tstamp 5C86BB2B)
    (at 120.87 92.3722)
    (descr "Resistor SMD 1206 (3216 Metric), square (rectangular) end terminal, IPC_7351 nominal with elongated pad for handsoldering. (Body size source: http://www.tortai-tech.com/upload/download/2011102023233369053.pdf), generated with kicad-footprint-generator")
    (tags "resistor handsolder")
    (path /5C792BB4)
    (attr smd)
    (fp_text reference R1 (at 3.81 0.0278) (layer F.SilkS)
      (effects (font (size 1 1) (thickness 0.15)))
    )
    (fp_text value R (at 0 1.82) (layer F.Fab)
      (effects (font (size 1 1) (thickness 0.15)))
    )
    (fp_line (start -1.6 0.8) (end -1.6 -0.8) (layer F.Fab) (width 0.1))
    (fp_line (start -1.6 -0.8) (end 1.6 -0.8) (layer F.Fab) (width 0.1))
    (fp_line (start 1.6 -0.8) (end 1.6 0.8) (layer F.Fab) (width 0.1))
    (fp_line (start 1.6 0.8) (end -1.6 0.8) (layer F.Fab) (width 0.1))
    (fp_line (start -0.602064 -0.91) (end 0.602064 -0.91) (layer F.SilkS) (width 0.12))
    (fp_line (start -0.602064 0.91) (end 0.602064 0.91) (layer F.SilkS) (width 0.12))
    (fp_line (start -2.45 1.12) (end -2.45 -1.12) (layer F.CrtYd) (width 0.05))
    (fp_line (start -2.45 -1.12) (end 2.45 -1.12) (layer F.CrtYd) (width 0.05))
    (fp_line (start 2.45 -1.12) (end 2.45 1.12) (layer F.CrtYd) (width 0.05))
    (fp_line (start 2.45 1.12) (end -2.45 1.12) (layer F.CrtYd) (width 0.05))
    (fp_text user %R (at 0 0) (layer F.Fab)
      (effects (font (size 0.8 0.8) (thickness 0.12)))
    )
    (pad 1 smd roundrect (at -1.4875 0) (size 1.425 1.75) (layers F.Cu F.Paste F.Mask) (roundrect_rratio 0.175439)
      (net 3 VCC))
    (pad 2 smd roundrect (at 1.4875 0) (size 1.425 1.75) (layers F.Cu F.Paste F.Mask) (roundrect_rratio 0.175439)
      (net 5 /Key_Up))
    (model ${KISYS3DMOD}/Resistor_SMD.3dshapes/R_1206_3216Metric.wrl
      (at (xyz 0 0 0))
      (scale (xyz 1 1 1))
      (rotate (xyz 0 0 0))
    )
  )

  (module Resistor_SMD:R_1206_3216Metric_Pad1.42x1.75mm_HandSolder (layer F.Cu) (tedit 5B301BBD) (tstamp 5C86BB4D)
    (at 122.775 113.99)
    (descr "Resistor SMD 1206 (3216 Metric), square (rectangular) end terminal, IPC_7351 nominal with elongated pad for handsoldering. (Body size source: http://www.tortai-tech.com/upload/download/2011102023233369053.pdf), generated with kicad-footprint-generator")
    (tags "resistor handsolder")
    (path /5C795C85)
    (attr smd)
    (fp_text reference R3 (at -3.81 0) (layer F.SilkS)
      (effects (font (size 1 1) (thickness 0.15)))
    )
    (fp_text value R (at 0 1.82) (layer F.Fab)
      (effects (font (size 1 1) (thickness 0.15)))
    )
    (fp_line (start -1.6 0.8) (end -1.6 -0.8) (layer F.Fab) (width 0.1))
    (fp_line (start -1.6 -0.8) (end 1.6 -0.8) (layer F.Fab) (width 0.1))
    (fp_line (start 1.6 -0.8) (end 1.6 0.8) (layer F.Fab) (width 0.1))
    (fp_line (start 1.6 0.8) (end -1.6 0.8) (layer F.Fab) (width 0.1))
    (fp_line (start -0.602064 -0.91) (end 0.602064 -0.91) (layer F.SilkS) (width 0.12))
    (fp_line (start -0.602064 0.91) (end 0.602064 0.91) (layer F.SilkS) (width 0.12))
    (fp_line (start -2.45 1.12) (end -2.45 -1.12) (layer F.CrtYd) (width 0.05))
    (fp_line (start -2.45 -1.12) (end 2.45 -1.12) (layer F.CrtYd) (width 0.05))
    (fp_line (start 2.45 -1.12) (end 2.45 1.12) (layer F.CrtYd) (width 0.05))
    (fp_line (start 2.45 1.12) (end -2.45 1.12) (layer F.CrtYd) (width 0.05))
    (fp_text user %R (at 0 0) (layer F.Fab)
      (effects (font (size 0.8 0.8) (thickness 0.12)))
    )
    (pad 1 smd roundrect (at -1.4875 0) (size 1.425 1.75) (layers F.Cu F.Paste F.Mask) (roundrect_rratio 0.175439)
      (net 3 VCC))
    (pad 2 smd roundrect (at 1.4875 0) (size 1.425 1.75) (layers F.Cu F.Paste F.Mask) (roundrect_rratio 0.175439)
      (net 4 /Key_Down))
    (model ${KISYS3DMOD}/Resistor_SMD.3dshapes/R_1206_3216Metric.wrl
      (at (xyz 0 0 0))
      (scale (xyz 1 1 1))
      (rotate (xyz 0 0 0))
    )
  )

  (module Resistor_SMD:R_1206_3216Metric_Pad1.42x1.75mm_HandSolder (layer F.Cu) (tedit 5B301BBD) (tstamp 5C86BB6F)
    (at 131.03 93.67 270)
    (descr "Resistor SMD 1206 (3216 Metric), square (rectangular) end terminal, IPC_7351 nominal with elongated pad for handsoldering. (Body size source: http://www.tortai-tech.com/upload/download/2011102023233369053.pdf), generated with kicad-footprint-generator")
    (tags "resistor handsolder")
    (path /5C796235)
    (attr smd)
    (fp_text reference R5 (at -3.81 0 270) (layer F.SilkS)
      (effects (font (size 1 1) (thickness 0.15)))
    )
    (fp_text value R (at 0 1.82 270) (layer F.Fab)
      (effects (font (size 1 1) (thickness 0.15)))
    )
    (fp_text user %R (at 0 0 270) (layer F.Fab)
      (effects (font (size 0.8 0.8) (thickness 0.12)))
    )
    (fp_line (start 2.45 1.12) (end -2.45 1.12) (layer F.CrtYd) (width 0.05))
    (fp_line (start 2.45 -1.12) (end 2.45 1.12) (layer F.CrtYd) (width 0.05))
    (fp_line (start -2.45 -1.12) (end 2.45 -1.12) (layer F.CrtYd) (width 0.05))
    (fp_line (start -2.45 1.12) (end -2.45 -1.12) (layer F.CrtYd) (width 0.05))
    (fp_line (start -0.602064 0.91) (end 0.602064 0.91) (layer F.SilkS) (width 0.12))
    (fp_line (start -0.602064 -0.91) (end 0.602064 -0.91) (layer F.SilkS) (width 0.12))
    (fp_line (start 1.6 0.8) (end -1.6 0.8) (layer F.Fab) (width 0.1))
    (fp_line (start 1.6 -0.8) (end 1.6 0.8) (layer F.Fab) (width 0.1))
    (fp_line (start -1.6 -0.8) (end 1.6 -0.8) (layer F.Fab) (width 0.1))
    (fp_line (start -1.6 0.8) (end -1.6 -0.8) (layer F.Fab) (width 0.1))
    (pad 2 smd roundrect (at 1.4875 0 270) (size 1.425 1.75) (layers F.Cu F.Paste F.Mask) (roundrect_rratio 0.175439)
      (net 7 /Key_Left))
    (pad 1 smd roundrect (at -1.4875 0 270) (size 1.425 1.75) (layers F.Cu F.Paste F.Mask) (roundrect_rratio 0.175439)
      (net 3 VCC))
    (model ${KISYS3DMOD}/Resistor_SMD.3dshapes/R_1206_3216Metric.wrl
      (at (xyz 0 0 0))
      (scale (xyz 1 1 1))
      (rotate (xyz 0 0 0))
    )
  )

  (module Resistor_SMD:R_1206_3216Metric_Pad1.42x1.75mm_HandSolder (layer F.Cu) (tedit 5B301BBD) (tstamp 5C86BB91)
    (at 122.14 109.545 90)
    (descr "Resistor SMD 1206 (3216 Metric), square (rectangular) end terminal, IPC_7351 nominal with elongated pad for handsoldering. (Body size source: http://www.tortai-tech.com/upload/download/2011102023233369053.pdf), generated with kicad-footprint-generator")
    (tags "resistor handsolder")
    (path /5C796843)
    (attr smd)
    (fp_text reference R7 (at 3.81 0 90) (layer F.SilkS)
      (effects (font (size 1 1) (thickness 0.15)))
    )
    (fp_text value R (at 0 1.82 90) (layer F.Fab)
      (effects (font (size 1 1) (thickness 0.15)))
    )
    (fp_text user %R (at 0 0 90) (layer F.Fab)
      (effects (font (size 0.8 0.8) (thickness 0.12)))
    )
    (fp_line (start 2.45 1.12) (end -2.45 1.12) (layer F.CrtYd) (width 0.05))
    (fp_line (start 2.45 -1.12) (end 2.45 1.12) (layer F.CrtYd) (width 0.05))
    (fp_line (start -2.45 -1.12) (end 2.45 -1.12) (layer F.CrtYd) (width 0.05))
    (fp_line (start -2.45 1.12) (end -2.45 -1.12) (layer F.CrtYd) (width 0.05))
    (fp_line (start -0.602064 0.91) (end 0.602064 0.91) (layer F.SilkS) (width 0.12))
    (fp_line (start -0.602064 -0.91) (end 0.602064 -0.91) (layer F.SilkS) (width 0.12))
    (fp_line (start 1.6 0.8) (end -1.6 0.8) (layer F.Fab) (width 0.1))
    (fp_line (start 1.6 -0.8) (end 1.6 0.8) (layer F.Fab) (width 0.1))
    (fp_line (start -1.6 -0.8) (end 1.6 -0.8) (layer F.Fab) (width 0.1))
    (fp_line (start -1.6 0.8) (end -1.6 -0.8) (layer F.Fab) (width 0.1))
    (pad 2 smd roundrect (at 1.4875 0 90) (size 1.425 1.75) (layers F.Cu F.Paste F.Mask) (roundrect_rratio 0.175439)
      (net 6 /Key_Right))
    (pad 1 smd roundrect (at -1.4875 0 90) (size 1.425 1.75) (layers F.Cu F.Paste F.Mask) (roundrect_rratio 0.175439)
      (net 3 VCC))
    (model ${KISYS3DMOD}/Resistor_SMD.3dshapes/R_1206_3216Metric.wrl
      (at (xyz 0 0 0))
      (scale (xyz 1 1 1))
      (rotate (xyz 0 0 0))
    )
  )

  (module Insa:Speaker (layer F.Cu) (tedit 5C891EA0) (tstamp 5CA18D1B)
    (at 141.19 115.26 270)
    (path /5C892EA4)
    (fp_text reference LS1 (at 0.508 3.175 270) (layer F.SilkS)
      (effects (font (size 1 1) (thickness 0.15)))
    )
    (fp_text value Speaker (at 0.127 -3.175 270) (layer F.Fab)
      (effects (font (size 1 1) (thickness 0.15)))
    )
    (fp_line (start -4.445 -2.159) (end 4.445 -2.159) (layer F.SilkS) (width 0.15))
    (fp_line (start 4.445 -2.159) (end 4.445 2.159) (layer F.SilkS) (width 0.15))
    (fp_line (start 4.445 2.159) (end -4.445 2.159) (layer F.SilkS) (width 0.15))
    (fp_line (start -4.445 2.159) (end -4.445 -2.159) (layer F.SilkS) (width 0.15))
    (pad 1 smd roundrect (at -2.54 0 270) (size 2.5 3.5) (layers F.Cu F.Paste F.Mask) (roundrect_rratio 0.25)
      (net 8 /Audio_Left_1))
    (pad 2 smd roundrect (at 2.54 0 270) (size 2.5 3.5) (layers F.Cu F.Paste F.Mask) (roundrect_rratio 0.25)
      (net 2 /Audio_Left_2))
  )

  (module Insa:insa-image (layer F.Cu) (tedit 0) (tstamp 5CF08BB8)
    (at 129.76 104.465 90)
    (path /5CC16F2E)
    (fp_text reference Logo1 (at 0 0 90) (layer F.SilkS) hide
      (effects (font (size 1.524 1.524) (thickness 0.3)))
    )
    (fp_text value LOGO (at 0.75 0 90) (layer F.SilkS) hide
      (effects (font (size 1.524 1.524) (thickness 0.3)))
    )
    (fp_poly (pts (xy 0.537899 -1.989188) (xy 0.682291 -1.978388) (xy 0.797311 -1.961026) (xy 0.993266 -1.901446)
      (xy 1.159745 -1.811761) (xy 1.295966 -1.69299) (xy 1.40115 -1.546152) (xy 1.474513 -1.372266)
      (xy 1.515276 -1.172351) (xy 1.524 -1.013111) (xy 1.524 -0.889) (xy 0.656166 -0.889)
      (xy 0.656166 -0.940875) (xy 0.643806 -1.064248) (xy 0.609513 -1.173904) (xy 0.557467 -1.263123)
      (xy 0.491846 -1.325185) (xy 0.416832 -1.353369) (xy 0.398991 -1.354354) (xy 0.297363 -1.334881)
      (xy 0.215098 -1.281166) (xy 0.157278 -1.19882) (xy 0.128989 -1.093454) (xy 0.127 -1.054152)
      (xy 0.133154 -0.971225) (xy 0.154162 -0.898486) (xy 0.193841 -0.832637) (xy 0.256006 -0.770378)
      (xy 0.344476 -0.708411) (xy 0.463066 -0.643438) (xy 0.615594 -0.572158) (xy 0.752754 -0.513331)
      (xy 0.868474 -0.462933) (xy 0.980989 -0.410382) (xy 1.079341 -0.361032) (xy 1.152571 -0.320238)
      (xy 1.168063 -0.310428) (xy 1.330873 -0.180121) (xy 1.457621 -0.028873) (xy 1.548696 0.144168)
      (xy 1.604484 0.339853) (xy 1.625374 0.559034) (xy 1.622244 0.688045) (xy 1.594521 0.907497)
      (xy 1.539358 1.095513) (xy 1.455091 1.25424) (xy 1.340055 1.385823) (xy 1.192585 1.49241)
      (xy 1.011015 1.576145) (xy 0.907039 1.610081) (xy 0.797673 1.633398) (xy 0.657715 1.650807)
      (xy 0.498539 1.661976) (xy 0.331517 1.666574) (xy 0.168024 1.664272) (xy 0.019431 1.654737)
      (xy -0.094675 1.639229) (xy -0.296195 1.584582) (xy -0.465904 1.502331) (xy -0.604065 1.392138)
      (xy -0.710942 1.253663) (xy -0.786799 1.086567) (xy -0.831898 0.890512) (xy -0.846507 0.672042)
      (xy -0.846667 0.550334) (xy 0.058031 0.550334) (xy 0.072896 0.681715) (xy 0.096231 0.816115)
      (xy 0.133587 0.914092) (xy 0.188298 0.980185) (xy 0.263699 1.018933) (xy 0.330388 1.032196)
      (xy 0.436807 1.025864) (xy 0.526303 0.985415) (xy 0.594824 0.917063) (xy 0.638321 0.827022)
      (xy 0.65274 0.721503) (xy 0.634031 0.606721) (xy 0.624933 0.580492) (xy 0.587438 0.508949)
      (xy 0.529301 0.442394) (xy 0.445988 0.377583) (xy 0.33296 0.311275) (xy 0.185683 0.240226)
      (xy 0.091626 0.199302) (xy -0.056235 0.135844) (xy -0.171762 0.083655) (xy -0.262127 0.038783)
      (xy -0.334498 -0.002721) (xy -0.396046 -0.044808) (xy -0.453941 -0.091427) (xy -0.483863 -0.117765)
      (xy -0.603042 -0.24263) (xy -0.690714 -0.377506) (xy -0.74954 -0.529162) (xy -0.782181 -0.704363)
      (xy -0.791358 -0.899583) (xy -0.775704 -1.137766) (xy -0.730298 -1.34599) (xy -0.654764 -1.524771)
      (xy -0.548731 -1.674628) (xy -0.411826 -1.796078) (xy -0.243675 -1.88964) (xy -0.043905 -1.955831)
      (xy -0.027767 -1.959677) (xy 0.084847 -1.977917) (xy 0.225668 -1.988931) (xy 0.381189 -1.992695)
      (xy 0.537899 -1.989188)) (layer F.SilkS) (width 0.01))
    (fp_poly (pts (xy -3.7465 1.629834) (xy -4.699 1.629834) (xy -4.699 -1.926166) (xy -3.7465 -1.926166)
      (xy -3.7465 1.629834)) (layer F.SilkS) (width 0.01))
    (fp_poly (pts (xy -0.994834 1.629834) (xy -2.03036 1.629834) (xy -2.059578 1.529292) (xy -2.071186 1.488732)
      (xy -2.092991 1.411942) (xy -2.123715 1.303442) (xy -2.16208 1.16775) (xy -2.206811 1.009386)
      (xy -2.256629 0.832869) (xy -2.310257 0.642719) (xy -2.362023 0.459057) (xy -2.63525 -0.510636)
      (xy -2.646222 1.629834) (xy -3.513667 1.629834) (xy -3.513667 -1.926166) (xy -2.465917 -1.925752)
      (xy -1.894417 0.169296) (xy -1.883439 -1.926166) (xy -0.994834 -1.926166) (xy -0.994834 1.629834)) (layer F.SilkS) (width 0.01))
    (fp_poly (pts (xy 3.619724 -1.646034) (xy 3.636266 -1.577792) (xy 3.661877 -1.472594) (xy 3.695539 -1.334602)
      (xy 3.736236 -1.167976) (xy 3.782949 -0.976874) (xy 3.834663 -0.765456) (xy 3.890359 -0.537884)
      (xy 3.949022 -0.298316) (xy 4.009634 -0.050912) (xy 4.045059 0.093629) (xy 4.104251 0.335639)
      (xy 4.160383 0.566174) (xy 4.212647 0.781853) (xy 4.260237 0.979295) (xy 4.302344 1.155116)
      (xy 4.338161 1.305934) (xy 4.36688 1.428369) (xy 4.387693 1.519038) (xy 4.399794 1.574559)
      (xy 4.402666 1.591171) (xy 4.400382 1.603461) (xy 4.39018 1.612836) (xy 4.367041 1.619688)
      (xy 4.325943 1.624409) (xy 4.261864 1.627392) (xy 4.169784 1.629028) (xy 4.044681 1.62971)
      (xy 3.907895 1.629834) (xy 3.413125 1.629834) (xy 3.402086 1.571625) (xy 3.394788 1.528322)
      (xy 3.383116 1.453655) (xy 3.368687 1.358169) (xy 3.35337 1.254125) (xy 3.315692 0.994834)
      (xy 2.605418 0.994834) (xy 2.592744 1.063625) (xy 2.58449 1.112221) (xy 2.571858 1.191069)
      (xy 2.556684 1.288549) (xy 2.543393 1.375834) (xy 2.506716 1.61925) (xy 2.015358 1.624932)
      (xy 1.858605 1.626555) (xy 1.73916 1.627112) (xy 1.652004 1.626278) (xy 1.592117 1.623729)
      (xy 1.554482 1.61914) (xy 1.534078 1.612185) (xy 1.525887 1.60254) (xy 1.524743 1.593182)
      (xy 1.529715 1.567322) (xy 1.543917 1.503403) (xy 1.566619 1.404509) (xy 1.597091 1.273725)
      (xy 1.634606 1.114138) (xy 1.678433 0.928833) (xy 1.727844 0.720896) (xy 1.78211 0.493411)
      (xy 1.834342 0.275192) (xy 2.715817 0.275192) (xy 2.727924 0.28578) (xy 2.759825 0.292116)
      (xy 2.818242 0.295263) (xy 2.909898 0.296283) (xy 2.951323 0.296334) (xy 3.063741 0.295039)
      (xy 3.13873 0.290808) (xy 3.181123 0.283117) (xy 3.195757 0.271443) (xy 3.19588 0.269875)
      (xy 3.192353 0.242076) (xy 3.182642 0.179476) (xy 3.167773 0.088044) (xy 3.148774 -0.026247)
      (xy 3.126673 -0.157426) (xy 3.102497 -0.299523) (xy 3.077273 -0.446566) (xy 3.052029 -0.592585)
      (xy 3.027793 -0.731608) (xy 3.005592 -0.857664) (xy 2.986454 -0.964782) (xy 2.971407 -1.046992)
      (xy 2.961477 -1.098321) (xy 2.957873 -1.113182) (xy 2.952976 -1.094709) (xy 2.942066 -1.039337)
      (xy 2.926013 -0.951937) (xy 2.905685 -0.837378) (xy 2.881952 -0.700533) (xy 2.855684 -0.546272)
      (xy 2.839281 -0.448663) (xy 2.811612 -0.283951) (xy 2.785782 -0.131603) (xy 2.762709 0.003081)
      (xy 2.74331 0.114799) (xy 2.728503 0.198249) (xy 2.719204 0.24813) (xy 2.716782 0.259292)
      (xy 2.715817 0.275192) (xy 1.834342 0.275192) (xy 1.840501 0.249464) (xy 1.902289 -0.007859)
      (xy 1.943707 -0.179916) (xy 2.361928 -1.915583) (xy 3.551996 -1.926819) (xy 3.619724 -1.646034)) (layer F.SilkS) (width 0.01))
    (fp_poly (pts (xy 4.402666 -0.592666) (xy 4.402585 -0.359383) (xy 4.402349 -0.139078) (xy 4.401974 0.064679)
      (xy 4.401473 0.248317) (xy 4.400861 0.408266) (xy 4.400152 0.540956) (xy 4.39936 0.642817)
      (xy 4.3985 0.710278) (xy 4.397584 0.73977) (xy 4.397375 0.740808) (xy 4.391731 0.720777)
      (xy 4.377252 0.663009) (xy 4.35477 0.570984) (xy 4.325118 0.44818) (xy 4.289131 0.298075)
      (xy 4.247642 0.124148) (xy 4.201483 -0.070122) (xy 4.151489 -0.281258) (xy 4.098493 -0.505781)
      (xy 4.086743 -0.55565) (xy 4.032984 -0.783866) (xy 3.981948 -1.00044) (xy 3.934489 -1.201762)
      (xy 3.891457 -1.384219) (xy 3.853706 -1.544202) (xy 3.822088 -1.678098) (xy 3.797454 -1.782297)
      (xy 3.780658 -1.853188) (xy 3.77255 -1.88716) (xy 3.772066 -1.889125) (xy 3.77154 -1.903342)
      (xy 3.7823 -1.913388) (xy 3.810342 -1.919977) (xy 3.861665 -1.923825) (xy 3.942266 -1.925647)
      (xy 4.058142 -1.926159) (xy 4.082697 -1.926166) (xy 4.402666 -1.926166) (xy 4.402666 -0.592666)) (layer F.SilkS) (width 0.01))
  )

  (module Insa:RubberKey-4mm-2 locked (layer B.Cu) (tedit 5CC00EE5) (tstamp 5CF08BB9)
    (at 131.2 109.8 180)
    (path /5C7914D9)
    (fp_text reference SW_DOWN1 (at 0 -3.81 180) (layer B.SilkS)
      (effects (font (size 1 1) (thickness 0.15)) (justify mirror))
    )
    (fp_text value SW_Push (at 0 6.25 180) (layer B.Fab)
      (effects (font (size 1 1) (thickness 0.15)) (justify mirror))
    )
    (fp_circle (center 0 0) (end 0 2) (layer B.CrtYd) (width 0.15))
    (pad 2 smd custom (at -2.3 0) (size 1 1) (layers B.Cu B.Paste B.Mask)
      (net 4 /Key_Down) (zone_connect 0)
      (options (clearance outline) (anchor circle))
      (primitives
        (gr_arc (start -2.3 0) (end -0.3 0) (angle 135) (width 0.4))
        (gr_line (start -0.4 -0.55) (end -3.3 -0.55) (width 0.4))
        (gr_arc (start -2.3 0) (end -0.3 0) (angle -15) (width 0.4))
        (gr_line (start -1.4 1.75) (end -3.2 1.75) (width 0.4))
        (gr_line (start -1.15 1.6) (end -3.45 1.6) (width 0.4))
      ))
    (pad 1 smd custom (at 2.3 0 180) (size 1 1) (layers B.Cu B.Paste B.Mask)
      (net 1 GND) (zone_connect 0)
      (options (clearance outline) (anchor circle))
      (primitives
        (gr_arc (start -2.3 0) (end -0.3 0) (angle 135) (width 0.4))
        (gr_line (start -0.4 -0.55) (end -3.3 -0.55) (width 0.4))
        (gr_arc (start -2.3 0) (end -0.3 0) (angle -15) (width 0.4))
        (gr_line (start -1.4 1.75) (end -3.2 1.75) (width 0.4))
        (gr_line (start -1.15 1.6) (end -3.45 1.6) (width 0.4))
      ))
    (model /home/dimercur/kicad/local-packages3d/Insa.3dshapes/pad.step
      (at (xyz 0 0 0))
      (scale (xyz 1 1 1))
      (rotate (xyz 0 0 0))
    )
  )

  (module Insa:RubberKey-4mm-2 locked (layer B.Cu) (tedit 5CC00EE5) (tstamp 5CF08BBF)
    (at 140.385 101.6)
    (path /5C7913B9)
    (fp_text reference SW_LEFT1 (at -4.445 0 90) (layer B.SilkS)
      (effects (font (size 1 1) (thickness 0.15)) (justify mirror))
    )
    (fp_text value SW_Push (at 0 6.25) (layer B.Fab)
      (effects (font (size 1 1) (thickness 0.15)) (justify mirror))
    )
    (fp_circle (center 0 0) (end 0 2) (layer B.CrtYd) (width 0.15))
    (pad 1 smd custom (at 2.3 0) (size 1 1) (layers B.Cu B.Paste B.Mask)
      (net 1 GND) (zone_connect 0)
      (options (clearance outline) (anchor circle))
      (primitives
        (gr_arc (start -2.3 0) (end -0.3 0) (angle 135) (width 0.4))
        (gr_line (start -0.4 -0.55) (end -3.3 -0.55) (width 0.4))
        (gr_arc (start -2.3 0) (end -0.3 0) (angle -15) (width 0.4))
        (gr_line (start -1.4 1.75) (end -3.2 1.75) (width 0.4))
        (gr_line (start -1.15 1.6) (end -3.45 1.6) (width 0.4))
      ))
    (pad 2 smd custom (at -2.3 0 180) (size 1 1) (layers B.Cu B.Paste B.Mask)
      (net 7 /Key_Left) (zone_connect 0)
      (options (clearance outline) (anchor circle))
      (primitives
        (gr_arc (start -2.3 0) (end -0.3 0) (angle 135) (width 0.4))
        (gr_line (start -0.4 -0.55) (end -3.3 -0.55) (width 0.4))
        (gr_arc (start -2.3 0) (end -0.3 0) (angle -15) (width 0.4))
        (gr_line (start -1.4 1.75) (end -3.2 1.75) (width 0.4))
        (gr_line (start -1.15 1.6) (end -3.45 1.6) (width 0.4))
      ))
    (model /home/dimercur/kicad/local-packages3d/Insa.3dshapes/pad.step
      (at (xyz 0 0 0))
      (scale (xyz 1 1 1))
      (rotate (xyz 0 0 0))
    )
  )

  (module Insa:RubberKey-4mm-2 locked (layer B.Cu) (tedit 5CC00EE5) (tstamp 5CF08BC5)
    (at 122 101.6 180)
    (path /5C791297)
    (fp_text reference SW_RIGHT1 (at 4.445 0 270) (layer B.SilkS)
      (effects (font (size 1 1) (thickness 0.15)) (justify mirror))
    )
    (fp_text value SW_Push (at 0 6.25 180) (layer B.Fab)
      (effects (font (size 1 1) (thickness 0.15)) (justify mirror))
    )
    (fp_circle (center 0 0) (end 0 2) (layer B.CrtYd) (width 0.15))
    (pad 2 smd custom (at -2.3 0) (size 1 1) (layers B.Cu B.Paste B.Mask)
      (net 6 /Key_Right) (zone_connect 0)
      (options (clearance outline) (anchor circle))
      (primitives
        (gr_arc (start -2.3 0) (end -0.3 0) (angle 135) (width 0.4))
        (gr_line (start -0.4 -0.55) (end -3.3 -0.55) (width 0.4))
        (gr_arc (start -2.3 0) (end -0.3 0) (angle -15) (width 0.4))
        (gr_line (start -1.4 1.75) (end -3.2 1.75) (width 0.4))
        (gr_line (start -1.15 1.6) (end -3.45 1.6) (width 0.4))
      ))
    (pad 1 smd custom (at 2.3 0 180) (size 1 1) (layers B.Cu B.Paste B.Mask)
      (net 1 GND) (zone_connect 0)
      (options (clearance outline) (anchor circle))
      (primitives
        (gr_arc (start -2.3 0) (end -0.3 0) (angle 135) (width 0.4))
        (gr_line (start -0.4 -0.55) (end -3.3 -0.55) (width 0.4))
        (gr_arc (start -2.3 0) (end -0.3 0) (angle -15) (width 0.4))
        (gr_line (start -1.4 1.75) (end -3.2 1.75) (width 0.4))
        (gr_line (start -1.15 1.6) (end -3.45 1.6) (width 0.4))
      ))
    (model /home/dimercur/kicad/local-packages3d/Insa.3dshapes/pad.step
      (at (xyz 0 0 0))
      (scale (xyz 1 1 1))
      (rotate (xyz 0 0 0))
    )
  )

  (module Insa:RubberKey-4mm-2 locked (layer B.Cu) (tedit 5CC00EE5) (tstamp 5CF08BCB)
    (at 131.2 91.4 180)
    (path /5C77EAF2)
    (fp_text reference SW_UP1 (at 0 4.5 180) (layer B.SilkS)
      (effects (font (size 1 1) (thickness 0.15)) (justify mirror))
    )
    (fp_text value SW_Push (at 0 6.25 180) (layer B.Fab)
      (effects (font (size 1 1) (thickness 0.15)) (justify mirror))
    )
    (fp_circle (center 0 0) (end 0 2) (layer B.CrtYd) (width 0.15))
    (pad 1 smd custom (at 2.3 0 180) (size 1 1) (layers B.Cu B.Paste B.Mask)
      (net 1 GND) (zone_connect 0)
      (options (clearance outline) (anchor circle))
      (primitives
        (gr_arc (start -2.3 0) (end -0.3 0) (angle 135) (width 0.4))
        (gr_line (start -0.4 -0.55) (end -3.3 -0.55) (width 0.4))
        (gr_arc (start -2.3 0) (end -0.3 0) (angle -15) (width 0.4))
        (gr_line (start -1.4 1.75) (end -3.2 1.75) (width 0.4))
        (gr_line (start -1.15 1.6) (end -3.45 1.6) (width 0.4))
      ))
    (pad 2 smd custom (at -2.3 0) (size 1 1) (layers B.Cu B.Paste B.Mask)
      (net 5 /Key_Up) (zone_connect 0)
      (options (clearance outline) (anchor circle))
      (primitives
        (gr_arc (start -2.3 0) (end -0.3 0) (angle 135) (width 0.4))
        (gr_line (start -0.4 -0.55) (end -3.3 -0.55) (width 0.4))
        (gr_arc (start -2.3 0) (end -0.3 0) (angle -15) (width 0.4))
        (gr_line (start -1.4 1.75) (end -3.2 1.75) (width 0.4))
        (gr_line (start -1.15 1.6) (end -3.45 1.6) (width 0.4))
      ))
    (model /home/dimercur/kicad/local-packages3d/Insa.3dshapes/pad.step
      (at (xyz 0 0 0))
      (scale (xyz 1 1 1))
      (rotate (xyz 0 0 0))
    )
  )

  (module MountingHole:MountingHole_2.7mm_M2.5 locked (layer F.Cu) (tedit 5CC16FAF) (tstamp 5CF090A8)
    (at 140.625 86.02)
    (descr "Mounting Hole 2.7mm, no annular, M2.5")
    (tags "mounting hole 2.7mm no annular m2.5")
    (attr virtual)
    (fp_text reference REF** (at 0 -3.7) (layer F.SilkS) hide
      (effects (font (size 1 1) (thickness 0.15)))
    )
    (fp_text value MountingHole_2.7mm_M2.5 (at 0 3.7) (layer F.Fab) hide
      (effects (font (size 1 1) (thickness 0.15)))
    )
    (fp_circle (center 0 0) (end 2.95 0) (layer F.CrtYd) (width 0.05))
    (fp_circle (center 0 0) (end 2.7 0) (layer Cmts.User) (width 0.15))
    (fp_text user %R (at 0.3 0) (layer F.Fab)
      (effects (font (size 1 1) (thickness 0.15)))
    )
    (pad "" np_thru_hole circle (at 0 0) (size 2.7 2.7) (drill 2.7) (layers *.Cu *.Mask))
  )

  (module MountingHole:MountingHole_2.7mm_M2.5 locked (layer F.Cu) (tedit 5CC16FAC) (tstamp 5CF090CC)
    (at 125.625 79.515)
    (descr "Mounting Hole 2.7mm, no annular, M2.5")
    (tags "mounting hole 2.7mm no annular m2.5")
    (attr virtual)
    (fp_text reference REF** (at 0 -3.7) (layer F.SilkS) hide
      (effects (font (size 1 1) (thickness 0.15)))
    )
    (fp_text value MountingHole_2.7mm_M2.5 (at 0 3.7) (layer F.Fab) hide
      (effects (font (size 1 1) (thickness 0.15)))
    )
    (fp_circle (center 0 0) (end 2.95 0) (layer F.CrtYd) (width 0.05))
    (fp_circle (center 0 0) (end 2.7 0) (layer Cmts.User) (width 0.15))
    (fp_text user %R (at 0.3 0) (layer F.Fab)
      (effects (font (size 1 1) (thickness 0.15)))
    )
    (pad "" np_thru_hole circle (at 0 0) (size 2.7 2.7) (drill 2.7) (layers *.Cu *.Mask))
  )

  (module MountingHole:MountingHole_2.7mm_M2.5 locked (layer F.Cu) (tedit 5CC16F34) (tstamp 5CF090F0)
    (at 129.125 123.515)
    (descr "Mounting Hole 2.7mm, no annular, M2.5")
    (tags "mounting hole 2.7mm no annular m2.5")
    (attr virtual)
    (fp_text reference REF** (at 0 -3.7) (layer F.SilkS) hide
      (effects (font (size 1 1) (thickness 0.15)))
    )
    (fp_text value MountingHole_2.7mm_M2.5 (at 0 3.7) (layer F.Fab) hide
      (effects (font (size 1 1) (thickness 0.15)))
    )
    (fp_circle (center 0 0) (end 2.95 0) (layer F.CrtYd) (width 0.05))
    (fp_circle (center 0 0) (end 2.7 0) (layer Cmts.User) (width 0.15))
    (fp_text user %R (at 0.3 0) (layer F.Fab)
      (effects (font (size 1 1) (thickness 0.15)))
    )
